1 1 10 10
1 0 11 0 0
1 0 28 1 0
1 0 45 2 0
1 0 62 3 0
1 0 79 4 0
1 0 96 5 0
1 0 113 6 0
1 0 130 7 0
1 0 147 8 0
1 0 164 9 0
1 4 10 10
1 0 44 0 0
1 0 61 1 0
1 0 78 2 0
1 0 95 3 0
1 0 112 4 0
1 0 129 5 0
1 0 146 6 0
1 0 163 7 0
1 0 180 8 0
1 0 197 9 0
1 9 10 10
1 0 99 0 0
1 0 116 1 0
1 0 133 2 0
1 0 150 3 0
1 0 167 4 0
1 0 184 5 0
1 0 201 6 0
1 0 218 7 0
1 0 235 8 0
1 0 252 9 0
1 10 10 10
1 0 110 0 0
1 0 127 1 0
1 0 144 2 0
1 0 161 3 0
1 0 178 4 0
1 0 195 5 0
1 0 212 6 0
1 0 229 7 0
1 0 246 8 0
1 0 263 9 0
1 11 10 10
1 0 121 0 0
1 0 138 1 0
1 0 155 2 0
1 0 172 3 0
1 0 189 4 0
1 0 206 5 0
1 0 223 6 0
1 0 240 7 0
1 0 257 8 0
1 0 274 9 0
1 14 10 10
1 0 154 0 0
1 0 171 1 0
1 1 188 2 0
1 0 205 3 0
1 0 222 4 0
1 1 239 5 0
1 0 256 6 0
1 0 273 7 0
1 0 290 8 0
1 0 307 9 0
1 18 10 10
1 0 198 0 0
1 0 215 1 0
1 0 232 2 0
1 0 249 3 0
1 0 266 4 0
1 0 283 5 0
1 0 300 6 0
1 0 317 7 0
1 0 334 8 0
1 0 351 9 0
1 19 10 10
1 0 209 0 0
1 0 226 1 0
1 0 243 2 0
1 0 260 3 0
1 0 277 4 0
1 0 294 5 0
1 0 311 6 0
1 0 328 7 0
1 0 345 8 0
1 0 362 9 0
2 1 20 18
2 0 11 0 0 10 1
2 0 28 1 0 18 1
1 0 45 2 0
1 0 62 3 0
1 0 79 4 0
1 0 96 5 0
1 0 113 6 0
1 0 130 7 0
1 0 147 8 0
1 0 164 9 0
1 0 181 11 1
1 0 198 12 1
1 0 215 13 1
1 0 232 14 1
1 0 249 15 1
1 0 266 16 1
1 0 283 17 1
1 0 300 19 1
2 4 20 17
1 0 44 0 0
1 0 61 1 0
2 0 78 2 0 17 1
2 0 95 3 0 14 1
1 0 112 4 0
1 0 129 5 0
2 0 146 6 0 16 1
1 0 163 7 0
1 0 180 8 0
1 0 197 9 0
1 0 214 10 1
1 0 231 11 1
1 0 248 12 1
1 0 265 13 1
1 0 282 15 1
1 0 299 18 1
1 0 316 19 1
2 9 20 14
2 0 99 0 0 18 1
2 0 116 1 0 13 1
2 0 133 2 0 10 1
2 0 150 3 0 17 1
1 0 167 4 0
1 0 184 5 0
1 0 201 6 0
2 0 218 7 0 11 1
1 0 235 8 0
2 0 252 9 0 15 1
1 0 269 12 1
1 0 286 14 1
1 0 303 16 1
1 0 320 19 1
2 10 20 15
2 0 110 0 0 10 1
1 0 127 1 0
2 0 144 2 0 16 1
2 0 161 3 0 11 1
1 0 178 4 0
2 1 195 5 0 14 1
1 0 212 6 0
1 1 229 7 0
1 0 246 8 0
2 0 263 9 0 15 1
1 0 280 12 1
1 0 297 13 1
1 0 314 17 1
1 0 331 18 1
1 0 348 19 1
2 11 20 12
2 0 121 0 0 11 1
2 0 138 1 0 12 1
2 0 155 2 0 15 1
2 0 172 3 0 10 1
1 0 189 4 0
2 0 206 5 0 13 1
2 0 223 6 0 17 1
2 0 240 7 0 18 1
2 0 257 8 0 16 1
1 0 274 9 0
1 0 291 14 1
1 0 308 19 1
2 14 20 14
2 0 154 0 0 17 1
2 0 171 1 0 16 1
2 0 188 2 0 10 1
2 0 205 3 0 15 1
2 0 222 4 0 12 1
1 0 239 5 0
1 0 256 6 0
1 0 273 7 0
1 0 290 8 0
2 0 307 9 0 18 1
1 0 324 11 1
1 0 341 13 1
1 0 358 14 1
1 0 375 19 1
2 18 20 17
2 0 198 0 0 10 1
2 0 215 1 0 14 1
1 0 232 2 0
1 0 249 3 0
1 0 266 4 0
1 0 283 5 0
1 0 300 6 0
2 0 317 7 0 12 1
1 1 334 8 0
1 0 351 9 0
1 0 368 11 1
1 0 385 13 1
1 0 402 15 1
1 0 419 16 1
1 0 436 17 1
1 0 453 18 1
1 0 470 19 1
2 19 20 16
1 0 209 0 0
2 0 226 1 0 18 1
2 0 243 2 0 10 1
1 0 260 3 0
1 0 277 4 0
2 0 294 5 0 17 1
2 0 311 6 0 11 1
1 0 328 7 0
1 0 345 8 0
1 0 362 9 0
1 0 379 12 1
1 0 396 13 1
1 0 413 14 1
1 0 430 15 1
1 0 447 16 1
1 0 464 19 1
3 1 30 14
3 0 11 0 0 13 1 22 2
3 0 28 1 0 10 1 20 2
3 0 45 2 0 17 1 25 2
3 0 62 3 0 18 1 28 2
2 0 79 4 0 27 2
3 0 96 5 0 16 1 26 2
3 0 113 6 0 11 1 21 2
1 0 130 7 0
2 0 147 8 0 29 2
1 0 164 9 0
2 0 181 12 1 23 2
1 0 198 14 1
2 0 215 15 1 24 2
1 0 232 19 1
3 4 30 21
2 0 44 0 0 28 2
1 0 61 1 0
1 0 78 2 0
1 0 95 3 0
1 0 112 4 0
3 0 129 5 0 15 1 25 2
1 0 146 6 0
1 0 163 7 0
1 0 180 8 0
1 0 197 9 0
2 0 214 10 1 21 2
2 0 231 11 1 20 2
2 0 248 12 1 22 2
2 0 265 13 1 23 2
2 0 282 14 1 24 2
1 0 299 16 1
1 0 316 17 1
2 0 333 18 1 26 2
1 0 350 19 1
1 0 367 27 2
1 0 384 29 2
3 9 30 25
2 0 99 0 0 21 2
2 0 116 1 0 20 2
1 0 133 2 0
1 0 150 3 0
1 0 167 4 0
1 0 184 5 0
1 0 201 6 0
1 0 218 7 0
1 0 235 8 0
1 0 252 9 0
1 0 269 10 1
1 0 286 11 1
1 0 303 12 1
2 0 320 13 1 26 2
1 0 337 14 1
1 0 354 15 1
2 0 371 16 1 22 2
2 0 388 17 1 28 2
1 0 405 18 1
1 0 422 19 1
1 0 439 23 2
1 0 456 24 2
1 0 473 25 2
1 0 490 27 2
1 0 507 29 2
3 10 30 20
2 0 110 0 0 20 2
1 0 127 1 0
1 0 144 2 0
3 0 161 3 0 19 1 26 2
1 0 178 4 0
2 0 195 5 0 18 1
1 0 212 6 0
2 0 229 7 0 27 2
1 0 246 8 0
2 0 263 9 0 23 2
1 0 280 10 1
2 0 297 11 1 21 2
1 0 314 12 1
2 0 331 13 1 24 2
2 0 348 14 1 25 2
1 0 365 15 1
1 0 382 16 1
2 1 399 17 1 28 2
1 0 416 22 2
1 0 433 29 2
3 11 30 23
1 0 121 0 0
2 0 138 1 0 29 2
1 0 155 2 0
1 0 172 3 0
1 0 189 4 0
1 0 206 5 0
2 0 223 6 0 26 2
1 0 240 7 0
1 0 257 8 0
1 0 274 9 0
1 0 291 10 1
2 0 308 11 1 21 2
1 0 325 12 1
2 0 342 13 1 25 2
2 0 359 14 1 22 2
1 0 376 15 1
1 0 393 16 1
2 0 410 17 1 24 2
1 0 427 18 1
2 0 444 19 1 23 2
1 0 461 20 2
1 0 478 27 2
1 1 495 28 2
3 14 30 23
1 0 154 0 0
1 0 171 1 0
2 0 188 2 0 23 2
1 0 205 3 0
1 0 222 4 0
1 0 239 5 0
1 1 256 6 0
1 0 273 7 0
1 0 290 8 0
2 0 307 9 0 20 2
2 0 324 10 1 25 2
1 0 341 11 1
2 0 358 12 1 24 2
2 0 375 13 1 21 2
2 0 392 14 1 22 2
1 0 409 15 1
2 0 426 16 1 26 2
1 0 443 17 1
1 0 460 18 1
1 1 477 19 1
1 0 494 27 2
1 0 511 28 2
1 0 16 29 2
3 18 30 21
2 0 198 0 0 21 2
3 0 215 1 0 11 1 20 2
3 0 232 2 0 18 1 22 2
2 0 249 3 0 24 2
1 0 266 4 0
2 0 283 5 0 23 2
1 0 300 6 0
2 0 317 7 0 27 2
1 0 334 8 0
1 0 351 9 0
2 0 368 10 1 25 2
1 0 385 12 1
1 0 402 13 1
1 0 419 14 1
1 0 436 15 1
1 0 453 16 1
1 0 470 17 1
1 0 487 19 1
1 0 504 26 2
1 0 9 28 2
1 0 26 29 2
3 19 30 27
2 0 209 0 0 26 2
2 0 226 1 0 22 2
1 0 243 2 0
1 0 260 3 0
1 0 277 4 0
1 0 294 5 0
1 0 311 6 0
1 0 328 7 0
2 0 345 8 0 27 2
1 0 362 9 0
1 0 379 10 1
1 0 396 11 1
1 0 413 12 1
1 0 430 13 1
1 0 447 14 1
1 0 464 15 1
1 0 481 16 1
1 0 498 17 1
1 0 3 18 1
1 0 20 19 1
1 0 37 20 2
1 0 54 21 2
1 0 71 23 2
1 0 88 24 2
1 0 105 25 2
1 0 122 28 2
1 0 139 29 2
4 1 40 29
3 0 11 0 0 11 1 30 3
1 0 28 1 0
1 0 45 2 0
2 0 62 3 0 38 3
1 0 79 4 0
4 0 96 5 0 12 1 29 2 37 3
2 0 113 6 0 14 1
2 0 130 7 0 18 1
1 0 147 8 0
1 0 164 9 0
1 0 181 10 1
1 0 198 13 1
2 0 215 15 1 27 2
1 0 232 16 1
1 0 249 17 1
1 0 266 19 1
1 0 283 20 2
1 0 300 21 2
1 0 317 22 2
1 0 334 23 2
1 0 351 24 2
2 0 368 25 2 35 3
2 0 385 26 2 31 3
1 0 402 28 2
1 0 419 32 3
1 0 436 33 3
1 0 453 34 3
1 0 470 36 3
1 0 487 39 3
4 4 40 24
2 0 44 0 0 10 1
3 0 61 1 0 11 1 20 2
2 0 78 2 0 12 1
4 0 95 3 0 15 1 27 2 36 3
4 0 112 4 0 13 1 22 2 30 3
1 0 129 5 0
2 0 146 6 0 19 1
1 0 163 7 0
2 0 180 8 0 35 3
1 0 197 9 0
3 0 214 14 1 24 2 31 3
1 0 231 16 1
2 0 248 17 1 29 2
1 0 265 18 1
1 0 282 21 2
1 0 299 23 2
1 0 316 25 2
2 0 333 26 2 38 3
1 0 350 28 2
1 0 367 32 3
1 0 384 33 3
1 0 401 34 3
1 0 418 37 3
1 0 435 39 3
4 9 40 21
4 0 99 0 0 14 1 21 2 31 3
2 0 116 1 0 13 1
3 0 133 2 0 22 2 30 3
1 0 150 3 0
1 0 167 4 0
3 0 184 5 0 25 2 39 3
1 0 201 6 0
1 0 218 7 0
3 0 235 8 0 18 1 28 2
3 0 252 9 0 26 2 38 3
3 0 269 10 1 20 2 35 3
2 0 286 11 1 27 2
1 0 303 12 1
1 0 320 15 1
2 0 337 16 1 29 2
1 0 354 17 1
3 0 371 19 1 23 2 33 3
2 0 388 24 2 37 3
1 0 405 32 3
1 0 422 34 3
1 0 439 36 3
4 10 40 20
4 0 110 0 0 14 1 24 2 36 3
2 0 127 1 0 25 2
4 0 144 2 0 15 1 26 2 37 3
1 0 161 3 0
1 0 178 4 0
1 0 195 5 0
3 0 212 6 0 16 1 23 2
2 0 229 7 0 38 3
1 0 246 8 0
4 0 263 9 0 12 1 21 2 33 3
1 0 280 10 1
3 0 297 11 1 20 2 30 3
1 0 314 13 1
1 1 331 17 1
2 0 348 18 1 28 2
3 0 365 19 1 22 2 32 3
2 0 382 27 2 31 3
2 0 399 29 2 35 3
1 0 416 34 3
1 0 433 39 3
4 11 40 21
4 0 121 0 0 10 1 22 2 30 3
3 0 138 1 0 25 2 34 3
4 0 155 2 0 18 1 23 2 31 3
4 0 172 3 0 15 1 27 2 33 3
1 0 189 4 0
4 0 206 5 0 16 1 20 2 32 3
1 0 223 6 0
1 0 240 7 0
1 0 257 8 0
3 0 274 9 0 28 2 36 3
1 0 291 11 1
1 0 308 12 1
1 0 325 13 1
1 0 342 14 1
1 0 359 17 1
2 0 376 19 1 29 2
2 0 393 21 2 37 3
2 0 410 24 2 35 3
1 0 427 26 2
1 0 444 38 3
1 0 461 39 3
4 14 40 20
2 0 154 0 0 38 3
4 0 171 1 0 14 1 21 2 30 3
3 0 188 2 0 15 1 36 3
4 0 205 3 0 12 1 23 2 32 3
4 0 222 4 0 13 1 26 2 33 3
1 0 239 5 0
3 0 256 6 0 10 1 24 2
1 0 273 7 0
2 0 290 8 0 35 3
2 0 307 9 0 11 1
1 0 324 16 1
1 0 341 17 1
1 0 358 18 1
2 0 375 19 1 29 2
2 0 392 20 2 31 3
2 0 409 22 2 37 3
2 0 426 25 2 34 3
1 0 443 27 2
1 0 460 28 2
1 0 477 39 3
4 18 40 26
2 0 198 0 0 16 1
3 0 215 1 0 11 1 25 2
3 0 232 2 0 12 1 23 2
4 0 249 3 0 17 1 24 2 35 3
4 0 266 4 0 10 1 20 2 33 3
1 0 283 5 0
1 0 300 6 0
1 0 317 7 0
1 0 334 8 0
1 0 351 9 0
1 0 368 13 1
1 0 385 14 1
1 0 402 15 1
3 0 419 18 1 21 2 34 3
2 0 436 19 1 27 2
1 0 453 22 2
1 0 470 26 2
1 0 487 28 2
1 0 504 29 2
1 0 9 30 3
1 0 26 31 3
1 0 43 32 3
1 0 60 36 3
1 0 77 37 3
1 0 94 38 3
1 0 111 39 3
4 19 40 24
4 0 209 0 0 10 1 22 2 31 3
3 0 226 1 0 11 1 24 2
1 0 243 2 0
2 0 260 3 0 12 1
4 0 277 4 0 19 1 21 2 34 3
1 0 294 5 0
2 0 311 6 0 18 1
2 0 328 7 0 13 1
2 0 345 8 0 14 1
1 0 362 9 0
1 0 379 15 1
1 0 396 16 1
1 0 413 17 1
2 0 430 20 2 30 3
2 0 447 23 2 35 3
1 0 464 25 2
2 0 481 26 2 36 3
1 0 498 27 2
1 0 3 28 2
2 0 20 29 2 33 3
1 0 37 32 3
1 0 54 37 3
1 0 71 38 3
1 0 88 39 3

5 1 50 50
1 0 11 0 0
1 0 28 1 0
1 0 45 2 0
1 0 62 3 0
1 0 79 4 0
1 0 96 5 0
1 0 113 6 0
1 0 130 7 0
1 0 147 8 0
1 0 164 9 0
1 0 181 10 0
1 0 198 11 0
1 0 215 12 0
1 0 232 13 0
1 0 249 14 0
1 0 266 15 0
1 0 283 16 0
1 0 300 17 0
1 0 317 18 0
1 0 334 19 0
1 0 351 20 0
1 0 368 21 0
1 0 385 22 0
1 0 402 23 0
1 0 419 24 0
1 0 436 25 0
1 0 453 26 0
1 0 470 27 0
1 0 487 28 0
1 0 504 29 0
1 0 9 30 0
1 0 26 31 0
1 0 43 32 0
1 0 60 33 0
1 0 77 34 0
1 0 94 35 0
1 0 111 36 0
1 0 128 37 0
1 0 145 38 0
1 0 162 39 0
1 0 179 40 0
1 0 196 41 0
1 0 213 42 0
1 0 230 43 0
1 0 247 44 0
1 0 264 45 0
1 0 281 46 0
1 0 298 47 0
1 0 315 48 0
1 0 332 49 0
5 1 50 10
5 0 11 0 0 1 1 2 2 3 3 4 4
5 0 28 5 0 6 1 7 2 8 3 9 4
5 0 45 10 0 11 1 12 2 13 3 14 4
5 0 62 15 0 16 1 17 2 18 3 19 4
5 0 79 20 0 21 1 22 2 23 3 24 4
5 0 96 25 0 26 1 27 2 28 3 29 4
5 0 113 30 0 31 1 32 2 33 3 34 4
5 0 130 35 0 36 1 37 2 38 3 39 4
5 0 147 40 0 41 1 42 2 43 3 44 4
5 0 164 45 0 46 1 47 2 48 3 49 4
5 1 50 18
1 0 11 0 0
2 0 28 1 0 2 1
3 0 45 3 0 4 1 5 2
4 0 62 6 0 7 1 8 2 9 3
5 0 79 10 0 11 1 12 2 13 3 14 4
1 0 96 15 0
2 0 113 16 0 17 1
3 0 130 18 0 19 1 20 2
4 0 147 21 0 22 1 23 2 24 3
5 0 164 25 0 26 1 27 2 28 3 29 4
1 0 181 30 0
2 0 198 31 0 32 1
3 0 215 33 0 34 1 35 2
4 0 232 36 0 37 1 38 2 39 3
5 0 249 40 0 41 1 42 2 43 3 44 4
1 0 266 45 0
2 0 283 46 0 47 1
2 0 300 48 0 49 1
5 1 50 10
5 1 11 0 0 1 1 2 2 3 3 4 4
5 0 28 5 0 6 1 7 2 8 3 9 4
5 0 45 10 0 11 1 12 2 13 3 14 4
5 1 62 15 0 16 1 17 2 18 3 19 4
5 0 79 20 0 21 1 22 2 23 3 24 4
5 0 96 25 0 26 1 27 2 28 3 29 4
5 1 113 30 0 31 1 32 2 33 3 34 4
5 0 130 35 0 36 1 37 2 38 3 39 4
5 0 147 40 0 41 1 42 2 43 3 44 4
5 1 164 45 0 46 1 47 2 48 3 49 4
6 1 60 60
1 0 11 0 0
1 0 28 1 0
1 0 45 2 0
1 0 62 3 0
1 0 79 4 0
1 0 96 5 0
1 0 113 6 0
1 0 130 7 0
1 0 147 8 0
1 0 164 9 0
1 0 181 10 0
1 0 198 11 0
1 0 215 12 0
1 0 232 13 0
1 0 249 14 0
1 0 266 15 0
1 0 283 16 0
1 0 300 17 0
1 0 317 18 0
1 0 334 19 0
1 0 351 20 0
1 0 368 21 0
1 0 385 22 0
1 0 402 23 0
1 0 419 24 0
1 0 436 25 0
1 0 453 26 0
1 0 470 27 0
1 0 487 28 0
1 0 504 29 0
1 0 9 30 0
1 0 26 31 0
1 0 43 32 0
1 0 60 33 0
1 0 77 34 0
1 0 94 35 0
1 0 111 36 0
1 0 128 37 0
1 0 145 38 0
1 0 162 39 0
1 0 179 40 0
1 0 196 41 0
1 0 213 42 0
1 0 230 43 0
1 0 247 44 0
1 0 264 45 0
1 0 281 46 0
1 0 298 47 0
1 0 315 48 0
1 0 332 49 0
1 0 349 50 0
1 0 366 51 0
1 0 383 52 0
1 0 400 53 0
1 0 417 54 0
1 0 434 55 0
1 0 451 56 0
1 0 468 57 0
1 0 485 58 0
1 0 502 59 0
6 1 60 10
6 0 11 0 0 1 1 2 2 3 3 4 4 5 5
6 0 28 6 0 7 1 8 2 9 3 10 4 11 5
6 0 45 12 0 13 1 14 2 15 3 16 4 17 5
6 0 62 18 0 19 1 20 2 21 3 22 4 23 5
6 0 79 24 0 25 1 26 2 27 3 28 4 29 5
6 0 96 30 0 31 1 32 2 33 3 34 4 35 5
6 0 113 36 0 37 1 38 2 39 3 40 4 41 5
6 0 130 42 0 43 1 44 2 45 3 46 4 47 5
6 0 147 48 0 49 1 50 2 51 3 52 4 53 5
6 0 164 54 0 55 1 56 2 57 3 58 4 59 5
6 1 60 18
1 0 11 0 0
2 0 28 1 0 2 1
3 0 45 3 0 4 1 5 2
4 0 62 6 0 7 1 8 2 9 3
5 0 79 10 0 11 1 12 2 13 3 14 4
6 0 96 15 0 16 1 17 2 18 3 19 4 20 5
1 0 113 21 0
2 0 130 22 0 23 1
3 0 147 24 0 25 1 26 2
4 0 164 27 0 28 1 29 2 30 3
5 0 181 31 0 32 1 33 2 34 3 35 4
6 0 198 36 0 37 1 38 2 39 3 40 4 41 5
1 0 215 42 0
2 0 232 43 0 44 1
3 0 249 45 0 46 1 47 2
4 0 266 48 0 49 1 50 2 51 3
5 0 283 52 0 53 1 54 2 55 3 56 4
3 0 300 57 0 58 1 59 2
6 1 60 11
5 1 11 0 0 1 1 2 2 3 3 4 4
6 0 28 5 0 6 1 7 2 8 3 9 4 10 5
6 0 45 11 0 12 1 13 2 14 3 15 4 16 5
6 1 62 17 0 18 1 19 2 20 3 21 4 22 5
5 0 79 23 0 24 1 25 2 26 3 27 4
6 0 96 28 0 29 1 30 2 31 3 32 4 33 5
6 1 113 34 0 35 1 36 2 37 3 38 4 39 5
6 0 130 40 0 41 1 42 2 43 3 44 4 45 5
5 0 147 46 0 47 1 48 2 49 3 50 4
6 1 164 51 0 52 1 53 2 54 3 55 4 56 5
3 0 181 57 0 58 1 59 2
7 1 70 70
1 0 11 0 0
1 0 28 1 0
1 0 45 2 0
1 0 62 3 0
1 0 79 4 0
1 0 96 5 0
1 0 113 6 0
1 0 130 7 0
1 0 147 8 0
1 0 164 9 0
1 0 181 10 0
1 0 198 11 0
1 0 215 12 0
1 0 232 13 0
1 0 249 14 0
1 0 266 15 0
1 0 283 16 0
1 0 300 17 0
1 0 317 18 0
1 0 334 19 0
1 0 351 20 0
1 0 368 21 0
1 0 385 22 0
1 0 402 23 0
1 0 419 24 0
1 0 436 25 0
1 0 453 26 0
1 0 470 27 0
1 0 487 28 0
1 0 504 29 0
1 0 9 30 0
1 0 26 31 0
1 0 43 32 0
1 0 60 33 0
1 0 77 34 0
1 0 94 35 0
1 0 111 36 0
1 0 128 37 0
1 0 145 38 0
1 0 162 39 0
1 0 179 40 0
1 0 196 41 0
1 0 213 42 0
1 0 230 43 0
1 0 247 44 0
1 0 264 45 0
1 0 281 46 0
1 0 298 47 0
1 0 315 48 0
1 0 332 49 0
1 0 349 50 0
1 0 366 51 0
1 0 383 52 0
1 0 400 53 0
1 0 417 54 0
1 0 434 55 0
1 0 451 56 0
1 0 468 57 0
1 0 485 58 0
1 0 502 59 0
1 0 7 60 0
1 0 24 61 0
1 0 41 62 0
1 0 58 63 0
1 0 75 64 0
1 0 92 65 0
1 0 109 66 0
1 0 126 67 0
1 0 143 68 0
1 0 160 69 0
7 1 70 10
7 0 11 0 0 1 1 2 2 3 3 4 4 5 5 6 6
7 0 28 7 0 8 1 9 2 10 3 11 4 12 5 13 6
7 0 45 14 0 15 1 16 2 17 3 18 4 19 5 20 6
7 0 62 21 0 22 1 23 2 24 3 25 4 26 5 27 6
7 0 79 28 0 29 1 30 2 31 3 32 4 33 5 34 6
7 0 96 35 0 36 1 37 2 38 3 39 4 40 5 41 6
7 0 113 42 0 43 1 44 2 45 3 46 4 47 5 48 6
7 0 130 49 0 50 1 51 2 52 3 53 4 54 5 55 6
7 0 147 56 0 57 1 58 2 59 3 60 4 61 5 62 6
7 0 164 63 0 64 1 65 2 66 3 67 4 68 5 69 6
7 1 70 19
1 0 11 0 0
2 0 28 1 0 2 1
3 0 45 3 0 4 1 5 2
4 0 62 6 0 7 1 8 2 9 3
5 0 79 10 0 11 1 12 2 13 3 14 4
6 0 96 15 0 16 1 17 2 18 3 19 4 20 5
7 0 113 21 0 22 1 23 2 24 3 25 4 26 5 27 6
1 0 130 28 0
2 0 147 29 0 30 1
3 0 164 31 0 32 1 33 2
4 0 181 34 0 35 1 36 2 37 3
5 0 198 38 0 39 1 40 2 41 3 42 4
6 0 215 43 0 44 1 45 2 46 3 47 4 48 5
7 0 232 49 0 50 1 51 2 52 3 53 4 54 5 55 6
1 0 249 56 0
2 0 266 57 0 58 1
3 0 283 59 0 60 1 61 2
4 0 300 62 0 63 1 64 2 65 3
4 0 317 66 0 67 1 68 2 69 3
7 1 70 12
5 1 11 0 0 1 1 2 2 3 3 4 4
6 0 28 5 0 6 1 7 2 8 3 9 4 10 5
7 0 45 11 0 12 1 13 2 14 3 15 4 16 5 17 6
7 1 62 18 0 19 1 20 2 21 3 22 4 23 5 24 6
5 0 79 25 0 26 1 27 2 28 3 29 4
6 0 96 30 0 31 1 32 2 33 3 34 4 35 5
7 1 113 36 0 37 1 38 2 39 3 40 4 41 5 42 6
7 0 130 43 0 44 1 45 2 46 3 47 4 48 5 49 6
5 0 147 50 0 51 1 52 2 53 3 54 4
6 1 164 55 0 56 1 57 2 58 3 59 4 60 5
7 0 181 61 0 62 1 63 2 64 3 65 4 66 5 67 6
2 0 198 68 0 69 1
8 1 80 80
1 0 11 0 0
1 0 28 1 0
1 0 45 2 0
1 0 62 3 0
1 0 79 4 0
1 0 96 5 0
1 0 113 6 0
1 0 130 7 0
1 0 147 8 0
1 0 164 9 0
1 0 181 10 0
1 0 198 11 0
1 0 215 12 0
1 0 232 13 0
1 0 249 14 0
1 0 266 15 0
1 0 283 16 0
1 0 300 17 0
1 0 317 18 0
1 0 334 19 0
1 0 351 20 0
1 0 368 21 0
1 0 385 22 0
1 0 402 23 0
1 0 419 24 0
1 0 436 25 0
1 0 453 26 0
1 0 470 27 0
1 0 487 28 0
1 0 504 29 0
1 0 9 30 0
1 0 26 31 0
1 0 43 32 0
1 0 60 33 0
1 0 77 34 0
1 0 94 35 0
1 0 111 36 0
1 0 128 37 0
1 0 145 38 0
1 0 162 39 0
1 0 179 40 0
1 0 196 41 0
1 0 213 42 0
1 0 230 43 0
1 0 247 44 0
1 0 264 45 0
1 0 281 46 0
1 0 298 47 0
1 0 315 48 0
1 0 332 49 0
1 0 349 50 0
1 0 366 51 0
1 0 383 52 0
1 0 400 53 0
1 0 417 54 0
1 0 434 55 0
1 0 451 56 0
1 0 468 57 0
1 0 485 58 0
1 0 502 59 0
1 0 7 60 0
1 0 24 61 0
1 0 41 62 0
1 0 58 63 0
1 0 75 64 0
1 0 92 65 0
1 0 109 66 0
1 0 126 67 0
1 0 143 68 0
1 0 160 69 0
1 0 177 70 0
1 0 194 71 0
1 0 211 72 0
1 0 228 73 0
1 0 245 74 0
1 0 262 75 0
1 0 279 76 0
1 0 296 77 0
1 0 313 78 0
1 0 330 79 0
8 1 80 10
8 0 11 0 0 1 1 2 2 3 3 4 4 5 5 6 6 7 7
8 0 28 8 0 9 1 10 2 11 3 12 4 13 5 14 6 15 7
8 0 45 16 0 17 1 18 2 19 3 20 4 21 5 22 6 23 7
8 0 62 24 0 25 1 26 2 27 3 28 4 29 5 30 6 31 7
8 0 79 32 0 33 1 34 2 35 3 36 4 37 5 38 6 39 7
8 0 96 40 0 41 1 42 2 43 3 44 4 45 5 46 6 47 7
8 0 113 48 0 49 1 50 2 51 3 52 4 53 5 54 6 55 7
8 0 130 56 0 57 1 58 2 59 3 60 4 61 5 62 6 63 7
8 0 147 64 0 65 1 66 2 67 3 68 4 69 5 70 6 71 7
8 0 164 72 0 73 1 74 2 75 3 76 4 77 5 78 6 79 7
8 1 80 20
1 0 11 0 0
2 0 28 1 0 2 1
3 0 45 3 0 4 1 5 2
4 0 62 6 0 7 1 8 2 9 3
5 0 79 10 0 11 1 12 2 13 3 14 4
6 0 96 15 0 16 1 17 2 18 3 19 4 20 5
7 0 113 21 0 22 1 23 2 24 3 25 4 26 5 27 6
8 0 130 28 0 29 1 30 2 31 3 32 4 33 5 34 6 35 7
1 0 147 36 0
2 0 164 37 0 38 1
3 0 181 39 0 40 1 41 2
4 0 198 42 0 43 1 44 2 45 3
5 0 215 46 0 47 1 48 2 49 3 50 4
6 0 232 51 0 52 1 53 2 54 3 55 4 56 5
7 0 249 57 0 58 1 59 2 60 3 61 4 62 5 63 6
8 0 266 64 0 65 1 66 2 67 3 68 4 69 5 70 6 71 7
1 0 283 72 0
2 0 300 73 0 74 1
3 0 317 75 0 76 1 77 2
2 0 334 78 0 79 1
8 1 80 13
5 1 11 0 0 1 1 2 2 3 3 4 4
6 0 28 5 0 6 1 7 2 8 3 9 4 10 5
7 0 45 11 0 12 1 13 2 14 3 15 4 16 5 17 6
8 1 62 18 0 19 1 20 2 21 3 22 4 23 5 24 6 25 7
5 0 79 26 0 27 1 28 2 29 3 30 4
6 0 96 31 0 32 1 33 2 34 3 35 4 36 5
7 1 113 37 0 38 1 39 2 40 3 41 4 42 5 43 6
8 0 130 44 0 45 1 46 2 47 3 48 4 49 5 50 6 51 7
5 0 147 52 0 53 1 54 2 55 3 56 4
6 1 164 57 0 58 1 59 2 60 3 61 4 62 5
7 0 181 63 0 64 1 65 2 66 3 67 4 68 5 69 6
8 0 198 70 0 71 1 72 2 73 3 74 4 75 5 76 6 77 7
2 1 215 78 0 79 1
