1 1 10 10
1 0 11 0 0
1 0 28 1 0
1 0 45 2 0
1 0 62 3 0
1 0 79 4 0
1 0 96 5 0
1 0 113 6 0
1 0 130 7 0
1 0 147 8 0
1 0 164 9 0
1 4 10 10
1 0 44 0 0
1 0 61 1 0
1 0 78 2 0
1 0 95 3 0
1 0 112 4 0
1 0 129 5 0
1 0 146 6 0
1 0 163 7 0
1 0 180 8 0
1 0 197 9 0
1 9 10 10
1 0 99 0 0
1 0 116 1 0
1 0 133 2 0
1 0 150 3 0
1 0 167 4 0
1 0 184 5 0
1 0 201 6 0
1 0 218 7 0
1 0 235 8 0
1 0 252 9 0
1 10 10 10
1 0 110 0 0
1 0 127 1 0
1 0 144 2 0
1 0 161 3 0
1 0 178 4 0
1 0 195 5 0
1 0 212 6 0
1 0 229 7 0
1 0 246 8 0
1 0 263 9 0
1 11 10 10
1 0 121 0 0
1 0 138 1 0
1 0 155 2 0
1 0 172 3 0
1 0 189 4 0
1 0 206 5 0
1 0 223 6 0
1 0 240 7 0
1 0 257 8 0
1 0 274 9 0
1 14 10 10
1 0 154 0 0
1 0 171 1 0
1 1 188 2 0
1 0 205 3 0
1 0 222 4 0
1 1 239 5 0
1 0 256 6 0
1 0 273 7 0
1 0 290 8 0
1 0 307 9 0
1 18 10 10
1 0 198 0 0
1 0 215 1 0
1 0 232 2 0
1 0 249 3 0
1 0 266 4 0
1 0 283 5 0
1 0 300 6 0
1 0 317 7 0
1 0 334 8 0
1 0 351 9 0
1 19 10 10
1 0 209 0 0
1 0 226 1 0
1 0 243 2 0
1 0 260 3 0
1 0 277 4 0
1 0 294 5 0
1 0 311 6 0
1 0 328 7 0
1 0 345 8 0
1 0 362 9 0
2 1 20 18
2 0 11 0 0 10 1
2 0 28 1 0 18 1
1 0 45 2 0
1 0 62 3 0
1 0 79 4 0
1 0 96 5 0
1 0 113 6 0
1 0 130 7 0
1 0 147 8 0
1 0 164 9 0
1 0 181 11 1
1 0 198 12 1
1 0 215 13 1
1 0 232 14 1
1 0 249 15 1
1 0 266 16 1
1 0 283 17 1
1 0 300 19 1
2 4 20 17
1 0 44 0 0
1 0 61 1 0
2 0 78 2 0 17 1
2 0 95 3 0 14 1
1 0 112 4 0
1 0 129 5 0
2 0 146 6 0 16 1
1 0 163 7 0
1 0 180 8 0
1 0 197 9 0
1 0 214 10 1
1 0 231 11 1
1 0 248 12 1
1 0 265 13 1
1 0 282 15 1
1 0 299 18 1
1 0 316 19 1
2 9 20 14
2 0 99 0 0 18 1
2 0 116 1 0 13 1
2 0 133 2 0 10 1
2 0 150 3 0 17 1
1 0 167 4 0
1 0 184 5 0
1 0 201 6 0
2 0 218 7 0 11 1
1 0 235 8 0
2 0 252 9 0 15 1
1 0 269 12 1
1 0 286 14 1
1 0 303 16 1
1 0 320 19 1
2 10 20 15
2 0 110 0 0 10 1
1 0 127 1 0
2 0 144 2 0 16 1
2 0 161 3 0 11 1
1 0 178 4 0
2 1 195 5 0 14 1
1 0 212 6 0
1 1 229 7 0
1 0 246 8 0
2 0 263 9 0 15 1
1 0 280 12 1
1 0 297 13 1
1 0 314 17 1
1 0 331 18 1
1 0 348 19 1
2 11 20 12
2 0 121 0 0 11 1
2 0 138 1 0 12 1
2 0 155 2 0 15 1
2 0 172 3 0 10 1
1 0 189 4 0
2 0 206 5 0 13 1
2 0 223 6 0 17 1
2 0 240 7 0 18 1
2 0 257 8 0 16 1
1 0 274 9 0
1 0 291 14 1
1 0 308 19 1
2 14 20 14
2 0 154 0 0 17 1
2 0 171 1 0 16 1
2 0 188 2 0 10 1
2 0 205 3 0 15 1
2 0 222 4 0 12 1
1 0 239 5 0
1 0 256 6 0
1 0 273 7 0
1 0 290 8 0
2 0 307 9 0 18 1
1 0 324 11 1
1 0 341 13 1
1 0 358 14 1
1 0 375 19 1
2 18 20 17
2 0 198 0 0 10 1
2 0 215 1 0 14 1
1 0 232 2 0
1 0 249 3 0
1 0 266 4 0
1 0 283 5 0
1 0 300 6 0
2 0 317 7 0 12 1
1 1 334 8 0
1 0 351 9 0
1 0 368 11 1
1 0 385 13 1
1 0 402 15 1
1 0 419 16 1
1 0 436 17 1
1 0 453 18 1
1 0 470 19 1
2 19 20 16
1 0 209 0 0
2 0 226 1 0 18 1
2 0 243 2 0 10 1
1 0 260 3 0
1 0 277 4 0
2 0 294 5 0 17 1
2 0 311 6 0 11 1
1 0 328 7 0
1 0 345 8 0
1 0 362 9 0
1 0 379 12 1
1 0 396 13 1
1 0 413 14 1
1 0 430 15 1
1 0 447 16 1
1 0 464 19 1
3 1 30 14
3 0 11 0 0 13 1 22 2
3 0 28 1 0 10 1 20 2
3 0 45 2 0 17 1 25 2
3 0 62 3 0 18 1 28 2
2 0 79 4 0 27 2
3 0 96 5 0 16 1 26 2
3 0 113 6 0 11 1 21 2
1 0 130 7 0
2 0 147 8 0 29 2
1 0 164 9 0
2 0 181 12 1 23 2
1 0 198 14 1
2 0 215 15 1 24 2
1 0 232 19 1
3 4 30 21
2 0 44 0 0 28 2
1 0 61 1 0
1 0 78 2 0
1 0 95 3 0
1 0 112 4 0
3 0 129 5 0 15 1 25 2
1 0 146 6 0
1 0 163 7 0
1 0 180 8 0
1 0 197 9 0
2 0 214 10 1 21 2
2 0 231 11 1 20 2
2 0 248 12 1 22 2
2 0 265 13 1 23 2
2 0 282 14 1 24 2
1 0 299 16 1
1 0 316 17 1
2 0 333 18 1 26 2
1 0 350 19 1
1 0 367 27 2
1 0 384 29 2
3 9 30 25
2 0 99 0 0 21 2
2 0 116 1 0 20 2
1 0 133 2 0
1 0 150 3 0
1 0 167 4 0
1 0 184 5 0
1 0 201 6 0
1 0 218 7 0
1 0 235 8 0
1 0 252 9 0
1 0 269 10 1
1 0 286 11 1
1 0 303 12 1
2 0 320 13 1 26 2
1 0 337 14 1
1 0 354 15 1
2 0 371 16 1 22 2
2 0 388 17 1 28 2
1 0 405 18 1
1 0 422 19 1
1 0 439 23 2
1 0 456 24 2
1 0 473 25 2
1 0 490 27 2
1 0 507 29 2
3 10 30 20
2 0 110 0 0 20 2
1 0 127 1 0
1 0 144 2 0
3 0 161 3 0 19 1 26 2
1 0 178 4 0
2 0 195 5 0 18 1
1 0 212 6 0
2 0 229 7 0 27 2
1 0 246 8 0
2 0 263 9 0 23 2
1 0 280 10 1
2 0 297 11 1 21 2
1 0 314 12 1
2 0 331 13 1 24 2
2 0 348 14 1 25 2
1 0 365 15 1
1 0 382 16 1
2 1 399 17 1 28 2
1 0 416 22 2
1 0 433 29 2
3 11 30 23
1 0 121 0 0
2 0 138 1 0 29 2
1 0 155 2 0
1 0 172 3 0
1 0 189 4 0
1 0 206 5 0
2 0 223 6 0 26 2
1 0 240 7 0
1 0 257 8 0
1 0 274 9 0
1 0 291 10 1
2 0 308 11 1 21 2
1 0 325 12 1
2 0 342 13 1 25 2
2 0 359 14 1 22 2
1 0 376 15 1
1 0 393 16 1
2 0 410 17 1 24 2
1 0 427 18 1
2 0 444 19 1 23 2
1 0 461 20 2
1 0 478 27 2
1 1 495 28 2
3 14 30 23
1 0 154 0 0
1 0 171 1 0
2 0 188 2 0 23 2
1 0 205 3 0
1 0 222 4 0
1 0 239 5 0
1 1 256 6 0
1 0 273 7 0
1 0 290 8 0
2 0 307 9 0 20 2
2 0 324 10 1 25 2
1 0 341 11 1
2 0 358 12 1 24 2
2 0 375 13 1 21 2
2 0 392 14 1 22 2
1 0 409 15 1
2 0 426 16 1 26 2
1 0 443 17 1
1 0 460 18 1
1 1 477 19 1
1 0 494 27 2
1 0 511 28 2
1 0 16 29 2
3 18 30 21
2 0 198 0 0 21 2
3 0 215 1 0 11 1 20 2
3 0 232 2 0 18 1 22 2
2 0 249 3 0 24 2
1 0 266 4 0
2 0 283 5 0 23 2
1 0 300 6 0
2 0 317 7 0 27 2
1 0 334 8 0
1 0 351 9 0
2 0 368 10 1 25 2
1 0 385 12 1
1 0 402 13 1
1 0 419 14 1
1 0 436 15 1
1 0 453 16 1
1 0 470 17 1
1 0 487 19 1
1 0 504 26 2
1 0 9 28 2
1 0 26 29 2
3 19 30 27
2 0 209 0 0 26 2
2 0 226 1 0 22 2
1 0 243 2 0
1 0 260 3 0
1 0 277 4 0
1 0 294 5 0
1 0 311 6 0
1 0 328 7 0
2 0 345 8 0 27 2
1 0 362 9 0
1 0 379 10 1
1 0 396 11 1
1 0 413 12 1
1 0 430 13 1
1 0 447 14 1
1 0 464 15 1
1 0 481 16 1
1 0 498 17 1
1 0 3 18 1
1 0 20 19 1
1 0 37 20 2
1 0 54 21 2
1 0 71 23 2
1 0 88 24 2
1 0 105 25 2
1 0 122 28 2
1 0 139 29 2
4 1 40 29
3 0 11 0 0 11 1 30 3
1 0 28 1 0
1 0 45 2 0
2 0 62 3 0 38 3
1 0 79 4 0
4 0 96 5 0 12 1 29 2 37 3
2 0 113 6 0 14 1
2 0 130 7 0 18 1
1 0 147 8 0
1 0 164 9 0
1 0 181 10 1
1 0 198 13 1
2 0 215 15 1 27 2
1 0 232 16 1
1 0 249 17 1
1 0 266 19 1
1 0 283 20 2
1 0 300 21 2
1 0 317 22 2
1 0 334 23 2
1 0 351 24 2
2 0 368 25 2 35 3
2 0 385 26 2 31 3
1 0 402 28 2
1 0 419 32 3
1 0 436 33 3
1 0 453 34 3
1 0 470 36 3
1 0 487 39 3
4 4 40 24
2 0 44 0 0 10 1
3 0 61 1 0 11 1 20 2
2 0 78 2 0 12 1
4 0 95 3 0 15 1 27 2 36 3
4 0 112 4 0 13 1 22 2 30 3
1 0 129 5 0
2 0 146 6 0 19 1
1 0 163 7 0
2 0 180 8 0 35 3
1 0 197 9 0
3 0 214 14 1 24 2 31 3
1 0 231 16 1
2 0 248 17 1 29 2
1 0 265 18 1
1 0 282 21 2
1 0 299 23 2
1 0 316 25 2
2 0 333 26 2 38 3
1 0 350 28 2
1 0 367 32 3
1 0 384 33 3
1 0 401 34 3
1 0 418 37 3
1 0 435 39 3
4 9 40 21
4 0 99 0 0 14 1 21 2 31 3
2 0 116 1 0 13 1
3 0 133 2 0 22 2 30 3
1 0 150 3 0
1 0 167 4 0
3 0 184 5 0 25 2 39 3
1 0 201 6 0
1 0 218 7 0
3 0 235 8 0 18 1 28 2
3 0 252 9 0 26 2 38 3
3 0 269 10 1 20 2 35 3
2 0 286 11 1 27 2
1 0 303 12 1
1 0 320 15 1
2 0 337 16 1 29 2
1 0 354 17 1
3 0 371 19 1 23 2 33 3
2 0 388 24 2 37 3
1 0 405 32 3
1 0 422 34 3
1 0 439 36 3
4 10 40 20
4 0 110 0 0 14 1 24 2 36 3
2 0 127 1 0 25 2
4 0 144 2 0 15 1 26 2 37 3
1 0 161 3 0
1 0 178 4 0
1 0 195 5 0
3 0 212 6 0 16 1 23 2
2 0 229 7 0 38 3
1 0 246 8 0
4 0 263 9 0 12 1 21 2 33 3
1 0 280 10 1
3 0 297 11 1 20 2 30 3
1 0 314 13 1
1 1 331 17 1
2 0 348 18 1 28 2
3 0 365 19 1 22 2 32 3
2 0 382 27 2 31 3
2 0 399 29 2 35 3
1 0 416 34 3
1 0 433 39 3
4 11 40 21
4 0 121 0 0 10 1 22 2 30 3
3 0 138 1 0 25 2 34 3
4 0 155 2 0 18 1 23 2 31 3
4 0 172 3 0 15 1 27 2 33 3
1 0 189 4 0
4 0 206 5 0 16 1 20 2 32 3
1 0 223 6 0
1 0 240 7 0
1 0 257 8 0
3 0 274 9 0 28 2 36 3
1 0 291 11 1
1 0 308 12 1
1 0 325 13 1
1 0 342 14 1
1 0 359 17 1
2 0 376 19 1 29 2
2 0 393 21 2 37 3
2 0 410 24 2 35 3
1 0 427 26 2
1 0 444 38 3
1 0 461 39 3
4 14 40 20
2 0 154 0 0 38 3
4 0 171 1 0 14 1 21 2 30 3
3 0 188 2 0 15 1 36 3
4 0 205 3 0 12 1 23 2 32 3
4 0 222 4 0 13 1 26 2 33 3
1 0 239 5 0
3 0 256 6 0 10 1 24 2
1 0 273 7 0
2 0 290 8 0 35 3
2 0 307 9 0 11 1
1 0 324 16 1
1 0 341 17 1
1 0 358 18 1
2 0 375 19 1 29 2
2 0 392 20 2 31 3
2 0 409 22 2 37 3
2 0 426 25 2 34 3
1 0 443 27 2
1 0 460 28 2
1 0 477 39 3
4 18 40 26
2 0 198 0 0 16 1
3 0 215 1 0 11 1 25 2
3 0 232 2 0 12 1 23 2
4 0 249 3 0 17 1 24 2 35 3
4 0 266 4 0 10 1 20 2 33 3
1 0 283 5 0
1 0 300 6 0
1 0 317 7 0
1 0 334 8 0
1 0 351 9 0
1 0 368 13 1
1 0 385 14 1
1 0 402 15 1
3 0 419 18 1 21 2 34 3
2 0 436 19 1 27 2
1 0 453 22 2
1 0 470 26 2
1 0 487 28 2
1 0 504 29 2
1 0 9 30 3
1 0 26 31 3
1 0 43 32 3
1 0 60 36 3
1 0 77 37 3
1 0 94 38 3
1 0 111 39 3
4 19 40 24
4 0 209 0 0 10 1 22 2 31 3
3 0 226 1 0 11 1 24 2
1 0 243 2 0
2 0 260 3 0 12 1
4 0 277 4 0 19 1 21 2 34 3
1 0 294 5 0
2 0 311 6 0 18 1
2 0 328 7 0 13 1
2 0 345 8 0 14 1
1 0 362 9 0
1 0 379 15 1
1 0 396 16 1
1 0 413 17 1
2 0 430 20 2 30 3
2 0 447 23 2 35 3
1 0 464 25 2
2 0 481 26 2 36 3
1 0 498 27 2
1 0 3 28 2
2 0 20 29 2 33 3
1 0 37 32 3
1 0 54 37 3
1 0 71 38 3
1 0 88 39 3
5 1 50 29
4 1 11
0 0
11 1
30 3
40 4
2 0 28
1 0
41 4
2 0 45
2 0
42 4
3 0 62
3 0
38 3
43 4
2 0 79
4 0
44 4
5 0 96
5 0
12 1
29 2
37 3
45 4
3 0 113
6 0
14 1
46 4
3 0 130
7 0
18 1
47 4
2 0 147
8 0
48 4
2 0 164
9 0
49 4
1 0 181
10 1
1 1 198
13 1
2 0 215
15 1
27 2
1 0 232
16 1
1 0 249
17 1
1 0 266
19 1
1 0 283
20 2
1 0 300
21 2
1 0 317
22 2
1 0 334
23 2
1 0 351
24 2
2 0 368
25 2
35 3
2 1 385
26 2
31 3
1 0 402
28 2
1 0 419
32 3
1 0 436
33 3
1 0 453
34 3
1 0 470
36 3
1 0 487
39 3
5 4 50 24
3 1 44
0 0
10 1
40 4
4 0 61
1 0
11 1
20 2
41 4
3 0 78
2 0
12 1
42 4
5 0 95
3 0
15 1
27 2
36 3
43 4
5 0 112
4 0
13 1
22 2
30 3
44 4
2 0 129
5 0
45 4
3 0 146
6 0
19 1
46 4
2 0 163
7 0
47 4
3 0 180
8 0
35 3
48 4
2 0 197
9 0
49 4
3 0 214
14 1
24 2
31 3
1 1 231
16 1
2 0 248
17 1
29 2
1 0 265
18 1
1 0 282
21 2
1 0 299
23 2
1 0 316
25 2
2 0 333
26 2
38 3
1 0 350
28 2
1 0 367
32 3
1 0 384
33 3
1 0 401
34 3
1 1 418
37 3
1 0 435
39 3
5 9 50 21
5 1 99
0 0
14 1
21 2
31 3
40 4
3 0 116
1 0
13 1
41 4
4 0 133
2 0
22 2
30 3
42 4
2 0 150
3 0
43 4
2 0 167
4 0
44 4
4 0 184
5 0
25 2
39 3
45 4
2 0 201
6 0
46 4
2 0 218
7 0
47 4
4 0 235
8 0
18 1
28 2
48 4
4 0 252
9 0
26 2
38 3
49 4
3 0 269
10 1
20 2
35 3
2 1 286
11 1
27 2
1 0 303
12 1
1 0 320
15 1
2 0 337
16 1
29 2
1 0 354
17 1
3 0 371
19 1
23 2
33 3
2 0 388
24 2
37 3
1 0 405
32 3
1 0 422
34 3
1 0 439
36 3
5 10 50 20
5 1 110
0 0
14 1
24 2
36 3
40 4
3 0 127
1 0
25 2
41 4
5 0 144
2 0
15 1
26 2
37 3
42 4
2 0 161
3 0
43 4
2 0 178
4 0
44 4
2 0 195
5 0
45 4
4 0 212
6 0
16 1
23 2
46 4
3 0 229
7 0
38 3
47 4
2 0 246
8 0
48 4
5 0 263
9 0
12 1
21 2
33 3
49 4
1 0 280
10 1
3 1 297
11 1
20 2
30 3
1 0 314
13 1
1 0 331
17 1
2 0 348
18 1
28 2
3 0 365
19 1
22 2
32 3
2 0 382
27 2
31 3
2 0 399
29 2
35 3
1 0 416
34 3
1 0 433
39 3
5 11 50 21
5 1 121
0 0
10 1
22 2
30 3
40 4
4 0 138
1 0
25 2
34 3
41 4
5 0 155
2 0
18 1
23 2
31 3
42 4
5 0 172
3 0
15 1
27 2
33 3
43 4
2 0 189
4 0
44 4
5 0 206
5 0
16 1
20 2
32 3
45 4
2 0 223
6 0
46 4
2 0 240
7 0
47 4
2 0 257
8 0
48 4
4 0 274
9 0
28 2
36 3
49 4
1 0 291
11 1
1 1 308
12 1
1 0 325
13 1
1 0 342
14 1
1 0 359
17 1
2 0 376
19 1
29 2
2 0 393
21 2
37 3
2 0 410
24 2
35 3
1 0 427
26 2
1 0 444
38 3
1 0 461
39 3
5 14 50 20
3 1 154
0 0
38 3
40 4
5 0 171
1 0
14 1
21 2
30 3
41 4
4 0 188
2 0
15 1
36 3
42 4
5 0 205
3 0
12 1
23 2
32 3
43 4
5 0 222
4 0
13 1
26 2
33 3
44 4
2 0 239
5 0
45 4
4 0 256
6 0
10 1
24 2
46 4
2 0 273
7 0
47 4
3 0 290
8 0
35 3
48 4
3 0 307
9 0
11 1
49 4
1 0 324
16 1
1 1 341
17 1
1 0 358
18 1
2 0 375
19 1
29 2
2 0 392
20 2
31 3
2 0 409
22 2
37 3
2 0 426
25 2
34 3
1 0 443
27 2
1 0 460
28 2
1 0 477
39 3
5 18 50 26
3 1 198
0 0
16 1
40 4
4 0 215
1 0
11 1
25 2
41 4
4 0 232
2 0
12 1
23 2
42 4
5 0 249
3 0
17 1
24 2
35 3
43 4
5 0 266
4 0
10 1
20 2
33 3
44 4
2 0 283
5 0
45 4
2 0 300
6 0
46 4
2 0 317
7 0
47 4
2 0 334
8 0
48 4
2 0 351
9 0
49 4
1 0 368
13 1
1 1 385
14 1
1 0 402
15 1
3 0 419
18 1
21 2
34 3
2 0 436
19 1
27 2
1 0 453
22 2
1 0 470
26 2
1 0 487
28 2
1 0 504
29 2
1 0 9
30 3
1 0 26
31 3
1 0 43
32 3
1 1 60
36 3
1 0 77
37 3
1 0 94
38 3
1 0 111
39 3
5 19 50 24
5 1 209
0 0
10 1
22 2
31 3
40 4
4 0 226
1 0
11 1
24 2
41 4
2 0 243
2 0
42 4
3 0 260
3 0
12 1
43 4
5 0 277
4 0
19 1
21 2
34 3
44 4
2 0 294
5 0
45 4
3 0 311
6 0
18 1
46 4
3 0 328
7 0
13 1
47 4
3 0 345
8 0
14 1
48 4
2 0 362
9 0
49 4
1 0 379
15 1
1 1 396
16 1
1 0 413
17 1
2 0 430
20 2
30 3
2 0 447
23 2
35 3
1 0 464
25 2
2 0 481
26 2
36 3
1 0 498
27 2
1 0 3
28 2
2 0 20
29 2
33 3
1 0 37
32 3
1 0 54
37 3
1 1 71
38 3
1 0 88
39 3
6 1 60 29
5 1 11
0 0
11 1
30 3
40 4
50 5
3 0 28
1 0
41 4
51 5
3 0 45
2 0
42 4
52 5
4 0 62
3 0
38 3
43 4
53 5
3 0 79
4 0
44 4
54 5
6 0 96
5 0
12 1
29 2
37 3
45 4
55 5
4 0 113
6 0
14 1
46 4
56 5
4 0 130
7 0
18 1
47 4
57 5
3 0 147
8 0
48 4
58 5
3 0 164
9 0
49 4
59 5
1 0 181
10 1
1 1 198
13 1
2 0 215
15 1
27 2
1 0 232
16 1
1 0 249
17 1
1 0 266
19 1
1 0 283
20 2
1 0 300
21 2
1 0 317
22 2
1 0 334
23 2
1 0 351
24 2
2 0 368
25 2
35 3
2 1 385
26 2
31 3
1 0 402
28 2
1 0 419
32 3
1 0 436
33 3
1 0 453
34 3
1 0 470
36 3
1 0 487
39 3
6 4 60 24
4 1 44
0 0
10 1
40 4
50 5
5 0 61
1 0
11 1
20 2
41 4
51 5
4 0 78
2 0
12 1
42 4
52 5
6 0 95
3 0
15 1
27 2
36 3
43 4
53 5
6 0 112
4 0
13 1
22 2
30 3
44 4
54 5
3 0 129
5 0
45 4
55 5
4 0 146
6 0
19 1
46 4
56 5
3 0 163
7 0
47 4
57 5
4 0 180
8 0
35 3
48 4
58 5
3 0 197
9 0
49 4
59 5
3 0 214
14 1
24 2
31 3
1 1 231
16 1
2 0 248
17 1
29 2
1 0 265
18 1
1 0 282
21 2
1 0 299
23 2
1 0 316
25 2
2 0 333
26 2
38 3
1 0 350
28 2
1 0 367
32 3
1 0 384
33 3
1 0 401
34 3
1 1 418
37 3
1 0 435
39 3
6 9 60 21
6 1 99
0 0
14 1
21 2
31 3
40 4
50 5
4 0 116
1 0
13 1
41 4
51 5
5 0 133
2 0
22 2
30 3
42 4
52 5
3 0 150
3 0
43 4
53 5
3 0 167
4 0
44 4
54 5
5 0 184
5 0
25 2
39 3
45 4
55 5
3 0 201
6 0
46 4
56 5
3 0 218
7 0
47 4
57 5
5 0 235
8 0
18 1
28 2
48 4
58 5
5 0 252
9 0
26 2
38 3
49 4
59 5
3 0 269
10 1
20 2
35 3
2 1 286
11 1
27 2
1 0 303
12 1
1 0 320
15 1
2 0 337
16 1
29 2
1 0 354
17 1
3 0 371
19 1
23 2
33 3
2 0 388
24 2
37 3
1 0 405
32 3
1 0 422
34 3
1 0 439
36 3
6 10 60 20
6 1 110
0 0
14 1
24 2
36 3
40 4
50 5
4 0 127
1 0
25 2
41 4
51 5
6 0 144
2 0
15 1
26 2
37 3
42 4
52 5
3 0 161
3 0
43 4
53 5
3 0 178
4 0
44 4
54 5
3 0 195
5 0
45 4
55 5
5 0 212
6 0
16 1
23 2
46 4
56 5
4 0 229
7 0
38 3
47 4
57 5
3 0 246
8 0
48 4
58 5
6 0 263
9 0
12 1
21 2
33 3
49 4
59 5
1 0 280
10 1
3 1 297
11 1
20 2
30 3
1 0 314
13 1
1 0 331
17 1
2 0 348
18 1
28 2
3 0 365
19 1
22 2
32 3
2 0 382
27 2
31 3
2 0 399
29 2
35 3
1 0 416
34 3
1 0 433
39 3
6 11 60 21
6 1 121
0 0
10 1
22 2
30 3
40 4
50 5
5 0 138
1 0
25 2
34 3
41 4
51 5
6 0 155
2 0
18 1
23 2
31 3
42 4
52 5
6 0 172
3 0
15 1
27 2
33 3
43 4
53 5
3 0 189
4 0
44 4
54 5
6 0 206
5 0
16 1
20 2
32 3
45 4
55 5
3 0 223
6 0
46 4
56 5
3 0 240
7 0
47 4
57 5
3 0 257
8 0
48 4
58 5
5 0 274
9 0
28 2
36 3
49 4
59 5
1 0 291
11 1
1 1 308
12 1
1 0 325
13 1
1 0 342
14 1
1 0 359
17 1
2 0 376
19 1
29 2
2 0 393
21 2
37 3
2 0 410
24 2
35 3
1 0 427
26 2
1 0 444
38 3
1 0 461
39 3
6 14 60 20
4 1 154
0 0
38 3
40 4
50 5
6 0 171
1 0
14 1
21 2
30 3
41 4
51 5
5 0 188
2 0
15 1
36 3
42 4
52 5
6 0 205
3 0
12 1
23 2
32 3
43 4
53 5
6 0 222
4 0
13 1
26 2
33 3
44 4
54 5
3 0 239
5 0
45 4
55 5
5 0 256
6 0
10 1
24 2
46 4
56 5
3 0 273
7 0
47 4
57 5
4 0 290
8 0
35 3
48 4
58 5
4 0 307
9 0
11 1
49 4
59 5
1 0 324
16 1
1 1 341
17 1
1 0 358
18 1
2 0 375
19 1
29 2
2 0 392
20 2
31 3
2 0 409
22 2
37 3
2 0 426
25 2
34 3
1 0 443
27 2
1 0 460
28 2
1 0 477
39 3
6 18 60 26
4 1 198
0 0
16 1
40 4
50 5
5 0 215
1 0
11 1
25 2
41 4
51 5
5 0 232
2 0
12 1
23 2
42 4
52 5
6 0 249
3 0
17 1
24 2
35 3
43 4
53 5
6 0 266
4 0
10 1
20 2
33 3
44 4
54 5
3 0 283
5 0
45 4
55 5
3 0 300
6 0
46 4
56 5
3 0 317
7 0
47 4
57 5
3 0 334
8 0
48 4
58 5
3 0 351
9 0
49 4
59 5
1 0 368
13 1
1 1 385
14 1
1 0 402
15 1
3 0 419
18 1
21 2
34 3
2 0 436
19 1
27 2
1 0 453
22 2
1 0 470
26 2
1 0 487
28 2
1 0 504
29 2
1 0 9
30 3
1 0 26
31 3
1 0 43
32 3
1 1 60
36 3
1 0 77
37 3
1 0 94
38 3
1 0 111
39 3
6 19 60 24
6 1 209
0 0
10 1
22 2
31 3
40 4
50 5
5 0 226
1 0
11 1
24 2
41 4
51 5
3 0 243
2 0
42 4
52 5
4 0 260
3 0
12 1
43 4
53 5
6 0 277
4 0
19 1
21 2
34 3
44 4
54 5
3 0 294
5 0
45 4
55 5
4 0 311
6 0
18 1
46 4
56 5
4 0 328
7 0
13 1
47 4
57 5
4 0 345
8 0
14 1
48 4
58 5
3 0 362
9 0
49 4
59 5
1 0 379
15 1
1 1 396
16 1
1 0 413
17 1
2 0 430
20 2
30 3
2 0 447
23 2
35 3
1 0 464
25 2
2 0 481
26 2
36 3
1 0 498
27 2
1 0 3
28 2
2 0 20
29 2
33 3
1 0 37
32 3
1 0 54
37 3
1 1 71
38 3
1 0 88
39 3
7 1 70 29
6 1 11
0 0
11 1
30 3
40 4
50 5
60 6
4 0 28
1 0
41 4
51 5
61 6
4 0 45
2 0
42 4
52 5
62 6
5 0 62
3 0
38 3
43 4
53 5
63 6
4 0 79
4 0
44 4
54 5
64 6
7 0 96
5 0
12 1
29 2
37 3
45 4
55 5
65 6
5 0 113
6 0
14 1
46 4
56 5
66 6
5 0 130
7 0
18 1
47 4
57 5
67 6
4 0 147
8 0
48 4
58 5
68 6
4 0 164
9 0
49 4
59 5
69 6
1 0 181
10 1
1 1 198
13 1
2 0 215
15 1
27 2
1 0 232
16 1
1 0 249
17 1
1 0 266
19 1
1 0 283
20 2
1 0 300
21 2
1 0 317
22 2
1 0 334
23 2
1 0 351
24 2
2 0 368
25 2
35 3
2 1 385
26 2
31 3
1 0 402
28 2
1 0 419
32 3
1 0 436
33 3
1 0 453
34 3
1 0 470
36 3
1 0 487
39 3
7 4 70 24
5 1 44
0 0
10 1
40 4
50 5
60 6
6 0 61
1 0
11 1
20 2
41 4
51 5
61 6
5 0 78
2 0
12 1
42 4
52 5
62 6
7 0 95
3 0
15 1
27 2
36 3
43 4
53 5
63 6
7 0 112
4 0
13 1
22 2
30 3
44 4
54 5
64 6
4 0 129
5 0
45 4
55 5
65 6
5 0 146
6 0
19 1
46 4
56 5
66 6
4 0 163
7 0
47 4
57 5
67 6
5 0 180
8 0
35 3
48 4
58 5
68 6
4 0 197
9 0
49 4
59 5
69 6
3 0 214
14 1
24 2
31 3
1 1 231
16 1
2 0 248
17 1
29 2
1 0 265
18 1
1 0 282
21 2
1 0 299
23 2
1 0 316
25 2
2 0 333
26 2
38 3
1 0 350
28 2
1 0 367
32 3
1 0 384
33 3
1 0 401
34 3
1 1 418
37 3
1 0 435
39 3
7 9 70 21
7 1 99
0 0
14 1
21 2
31 3
40 4
50 5
60 6
5 0 116
1 0
13 1
41 4
51 5
61 6
6 0 133
2 0
22 2
30 3
42 4
52 5
62 6
4 0 150
3 0
43 4
53 5
63 6
4 0 167
4 0
44 4
54 5
64 6
6 0 184
5 0
25 2
39 3
45 4
55 5
65 6
4 0 201
6 0
46 4
56 5
66 6
4 0 218
7 0
47 4
57 5
67 6
6 0 235
8 0
18 1
28 2
48 4
58 5
68 6
6 0 252
9 0
26 2
38 3
49 4
59 5
69 6
3 0 269
10 1
20 2
35 3
2 1 286
11 1
27 2
1 0 303
12 1
1 0 320
15 1
2 0 337
16 1
29 2
1 0 354
17 1
3 0 371
19 1
23 2
33 3
2 0 388
24 2
37 3
1 0 405
32 3
1 0 422
34 3
1 0 439
36 3
7 10 70 20
7 1 110
0 0
14 1
24 2
36 3
40 4
50 5
60 6
5 0 127
1 0
25 2
41 4
51 5
61 6
7 0 144
2 0
15 1
26 2
37 3
42 4
52 5
62 6
4 0 161
3 0
43 4
53 5
63 6
4 0 178
4 0
44 4
54 5
64 6
4 0 195
5 0
45 4
55 5
65 6
6 0 212
6 0
16 1
23 2
46 4
56 5
66 6
5 0 229
7 0
38 3
47 4
57 5
67 6
4 0 246
8 0
48 4
58 5
68 6
7 0 263
9 0
12 1
21 2
33 3
49 4
59 5
69 6
1 0 280
10 1
3 1 297
11 1
20 2
30 3
1 0 314
13 1
1 0 331
17 1
2 0 348
18 1
28 2
3 0 365
19 1
22 2
32 3
2 0 382
27 2
31 3
2 0 399
29 2
35 3
1 0 416
34 3
1 0 433
39 3
7 11 70 21
7 1 121
0 0
10 1
22 2
30 3
40 4
50 5
60 6
6 0 138
1 0
25 2
34 3
41 4
51 5
61 6
7 0 155
2 0
18 1
23 2
31 3
42 4
52 5
62 6
7 0 172
3 0
15 1
27 2
33 3
43 4
53 5
63 6
4 0 189
4 0
44 4
54 5
64 6
7 0 206
5 0
16 1
20 2
32 3
45 4
55 5
65 6
4 0 223
6 0
46 4
56 5
66 6
4 0 240
7 0
47 4
57 5
67 6
4 0 257
8 0
48 4
58 5
68 6
6 0 274
9 0
28 2
36 3
49 4
59 5
69 6
1 0 291
11 1
1 1 308
12 1
1 0 325
13 1
1 0 342
14 1
1 0 359
17 1
2 0 376
19 1
29 2
2 0 393
21 2
37 3
2 0 410
24 2
35 3
1 0 427
26 2
1 0 444
38 3
1 0 461
39 3
7 14 70 20
5 1 154
0 0
38 3
40 4
50 5
60 6
7 0 171
1 0
14 1
21 2
30 3
41 4
51 5
61 6
6 0 188
2 0
15 1
36 3
42 4
52 5
62 6
7 0 205
3 0
12 1
23 2
32 3
43 4
53 5
63 6
7 0 222
4 0
13 1
26 2
33 3
44 4
54 5
64 6
4 0 239
5 0
45 4
55 5
65 6
6 0 256
6 0
10 1
24 2
46 4
56 5
66 6
4 0 273
7 0
47 4
57 5
67 6
5 0 290
8 0
35 3
48 4
58 5
68 6
5 0 307
9 0
11 1
49 4
59 5
69 6
1 0 324
16 1
1 1 341
17 1
1 0 358
18 1
2 0 375
19 1
29 2
2 0 392
20 2
31 3
2 0 409
22 2
37 3
2 0 426
25 2
34 3
1 0 443
27 2
1 0 460
28 2
1 0 477
39 3
7 18 70 26
5 1 198
0 0
16 1
40 4
50 5
60 6
6 0 215
1 0
11 1
25 2
41 4
51 5
61 6
6 0 232
2 0
12 1
23 2
42 4
52 5
62 6
7 0 249
3 0
17 1
24 2
35 3
43 4
53 5
63 6
7 0 266
4 0
10 1
20 2
33 3
44 4
54 5
64 6
4 0 283
5 0
45 4
55 5
65 6
4 0 300
6 0
46 4
56 5
66 6
4 0 317
7 0
47 4
57 5
67 6
4 0 334
8 0
48 4
58 5
68 6
4 0 351
9 0
49 4
59 5
69 6
1 0 368
13 1
1 1 385
14 1
1 0 402
15 1
3 0 419
18 1
21 2
34 3
2 0 436
19 1
27 2
1 0 453
22 2
1 0 470
26 2
1 0 487
28 2
1 0 504
29 2
1 0 9
30 3
1 0 26
31 3
1 0 43
32 3
1 1 60
36 3
1 0 77
37 3
1 0 94
38 3
1 0 111
39 3
7 19 70 24
7 1 209
0 0
10 1
22 2
31 3
40 4
50 5
60 6
6 0 226
1 0
11 1
24 2
41 4
51 5
61 6
4 0 243
2 0
42 4
52 5
62 6
5 0 260
3 0
12 1
43 4
53 5
63 6
7 0 277
4 0
19 1
21 2
34 3
44 4
54 5
64 6
4 0 294
5 0
45 4
55 5
65 6
5 0 311
6 0
18 1
46 4
56 5
66 6
5 0 328
7 0
13 1
47 4
57 5
67 6
5 0 345
8 0
14 1
48 4
58 5
68 6
4 0 362
9 0
49 4
59 5
69 6
1 0 379
15 1
1 1 396
16 1
1 0 413
17 1
2 0 430
20 2
30 3
2 0 447
23 2
35 3
1 0 464
25 2
2 0 481
26 2
36 3
1 0 498
27 2
1 0 3
28 2
2 0 20
29 2
33 3
1 0 37
32 3
1 0 54
37 3
1 1 71
38 3
1 0 88
39 3
8 1 80 29
7 1 11
0 0
11 1
30 3
40 4
50 5
60 6
70 7
5 0 28
1 0
41 4
51 5
61 6
71 7
5 0 45
2 0
42 4
52 5
62 6
72 7
6 0 62
3 0
38 3
43 4
53 5
63 6
73 7
5 0 79
4 0
44 4
54 5
64 6
74 7
8 0 96
5 0
12 1
29 2
37 3
45 4
55 5
65 6
75 7
6 0 113
6 0
14 1
46 4
56 5
66 6
76 7
6 0 130
7 0
18 1
47 4
57 5
67 6
77 7
5 0 147
8 0
48 4
58 5
68 6
78 7
5 0 164
9 0
49 4
59 5
69 6
79 7
1 0 181
10 1
1 1 198
13 1
2 0 215
15 1
27 2
1 0 232
16 1
1 0 249
17 1
1 0 266
19 1
1 0 283
20 2
1 0 300
21 2
1 0 317
22 2
1 0 334
23 2
1 0 351
24 2
2 0 368
25 2
35 3
2 1 385
26 2
31 3
1 0 402
28 2
1 0 419
32 3
1 0 436
33 3
1 0 453
34 3
1 0 470
36 3
1 0 487
39 3
8 4 80 24
6 1 44
0 0
10 1
40 4
50 5
60 6
70 7
7 0 61
1 0
11 1
20 2
41 4
51 5
61 6
71 7
6 0 78
2 0
12 1
42 4
52 5
62 6
72 7
8 0 95
3 0
15 1
27 2
36 3
43 4
53 5
63 6
73 7
8 0 112
4 0
13 1
22 2
30 3
44 4
54 5
64 6
74 7
5 0 129
5 0
45 4
55 5
65 6
75 7
6 0 146
6 0
19 1
46 4
56 5
66 6
76 7
5 0 163
7 0
47 4
57 5
67 6
77 7
6 0 180
8 0
35 3
48 4
58 5
68 6
78 7
5 0 197
9 0
49 4
59 5
69 6
79 7
3 0 214
14 1
24 2
31 3
1 1 231
16 1
2 0 248
17 1
29 2
1 0 265
18 1
1 0 282
21 2
1 0 299
23 2
1 0 316
25 2
2 0 333
26 2
38 3
1 0 350
28 2
1 0 367
32 3
1 0 384
33 3
1 0 401
34 3
1 1 418
37 3
1 0 435
39 3
8 9 80 21
8 1 99
0 0
14 1
21 2
31 3
40 4
50 5
60 6
70 7
6 0 116
1 0
13 1
41 4
51 5
61 6
71 7
7 0 133
2 0
22 2
30 3
42 4
52 5
62 6
72 7
5 0 150
3 0
43 4
53 5
63 6
73 7
5 0 167
4 0
44 4
54 5
64 6
74 7
7 0 184
5 0
25 2
39 3
45 4
55 5
65 6
75 7
5 0 201
6 0
46 4
56 5
66 6
76 7
5 0 218
7 0
47 4
57 5
67 6
77 7
7 0 235
8 0
18 1
28 2
48 4
58 5
68 6
78 7
7 0 252
9 0
26 2
38 3
49 4
59 5
69 6
79 7
3 0 269
10 1
20 2
35 3
2 1 286
11 1
27 2
1 0 303
12 1
1 0 320
15 1
2 0 337
16 1
29 2
1 0 354
17 1
3 0 371
19 1
23 2
33 3
2 0 388
24 2
37 3
1 0 405
32 3
1 0 422
34 3
1 0 439
36 3
8 10 80 20
8 1 110
0 0
14 1
24 2
36 3
40 4
50 5
60 6
70 7
6 0 127
1 0
25 2
41 4
51 5
61 6
71 7
8 0 144
2 0
15 1
26 2
37 3
42 4
52 5
62 6
72 7
5 0 161
3 0
43 4
53 5
63 6
73 7
5 0 178
4 0
44 4
54 5
64 6
74 7
5 0 195
5 0
45 4
55 5
65 6
75 7
7 0 212
6 0
16 1
23 2
46 4
56 5
66 6
76 7
6 0 229
7 0
38 3
47 4
57 5
67 6
77 7
5 0 246
8 0
48 4
58 5
68 6
78 7
8 0 263
9 0
12 1
21 2
33 3
49 4
59 5
69 6
79 7
1 0 280
10 1
3 1 297
11 1
20 2
30 3
1 0 314
13 1
1 0 331
17 1
2 0 348
18 1
28 2
3 0 365
19 1
22 2
32 3
2 0 382
27 2
31 3
2 0 399
29 2
35 3
1 0 416
34 3
1 0 433
39 3
8 11 80 21
8 1 121
0 0
10 1
22 2
30 3
40 4
50 5
60 6
70 7
7 0 138
1 0
25 2
34 3
41 4
51 5
61 6
71 7
8 0 155
2 0
18 1
23 2
31 3
42 4
52 5
62 6
72 7
8 0 172
3 0
15 1
27 2
33 3
43 4
53 5
63 6
73 7
5 0 189
4 0
44 4
54 5
64 6
74 7
8 0 206
5 0
16 1
20 2
32 3
45 4
55 5
65 6
75 7
5 0 223
6 0
46 4
56 5
66 6
76 7
5 0 240
7 0
47 4
57 5
67 6
77 7
5 0 257
8 0
48 4
58 5
68 6
78 7
7 0 274
9 0
28 2
36 3
49 4
59 5
69 6
79 7
1 0 291
11 1
1 1 308
12 1
1 0 325
13 1
1 0 342
14 1
1 0 359
17 1
2 0 376
19 1
29 2
2 0 393
21 2
37 3
2 0 410
24 2
35 3
1 0 427
26 2
1 0 444
38 3
1 0 461
39 3
8 14 80 20
6 1 154
0 0
38 3
40 4
50 5
60 6
70 7
8 0 171
1 0
14 1
21 2
30 3
41 4
51 5
61 6
71 7
7 0 188
2 0
15 1
36 3
42 4
52 5
62 6
72 7
8 0 205
3 0
12 1
23 2
32 3
43 4
53 5
63 6
73 7
8 0 222
4 0
13 1
26 2
33 3
44 4
54 5
64 6
74 7
5 0 239
5 0
45 4
55 5
65 6
75 7
7 0 256
6 0
10 1
24 2
46 4
56 5
66 6
76 7
5 0 273
7 0
47 4
57 5
67 6
77 7
6 0 290
8 0
35 3
48 4
58 5
68 6
78 7
6 0 307
9 0
11 1
49 4
59 5
69 6
79 7
1 0 324
16 1
1 1 341
17 1
1 0 358
18 1
2 0 375
19 1
29 2
2 0 392
20 2
31 3
2 0 409
22 2
37 3
2 0 426
25 2
34 3
1 0 443
27 2
1 0 460
28 2
1 0 477
39 3
8 18 80 26
6 1 198
0 0
16 1
40 4
50 5
60 6
70 7
7 0 215
1 0
11 1
25 2
41 4
51 5
61 6
71 7
7 0 232
2 0
12 1
23 2
42 4
52 5
62 6
72 7
8 0 249
3 0
17 1
24 2
35 3
43 4
53 5
63 6
73 7
8 0 266
4 0
10 1
20 2
33 3
44 4
54 5
64 6
74 7
5 0 283
5 0
45 4
55 5
65 6
75 7
5 0 300
6 0
46 4
56 5
66 6
76 7
5 0 317
7 0
47 4
57 5
67 6
77 7
5 0 334
8 0
48 4
58 5
68 6
78 7
5 0 351
9 0
49 4
59 5
69 6
79 7
1 0 368
13 1
1 1 385
14 1
1 0 402
15 1
3 0 419
18 1
21 2
34 3
2 0 436
19 1
27 2
1 0 453
22 2
1 0 470
26 2
1 0 487
28 2
1 0 504
29 2
1 0 9
30 3
1 0 26
31 3
1 0 43
32 3
1 1 60
36 3
1 0 77
37 3
1 0 94
38 3
1 0 111
39 3
8 19 80 24
8 1 209
0 0
10 1
22 2
31 3
40 4
50 5
60 6
70 7
7 0 226
1 0
11 1
24 2
41 4
51 5
61 6
71 7
5 0 243
2 0
42 4
52 5
62 6
72 7
6 0 260
3 0
12 1
43 4
53 5
63 6
73 7
8 0 277
4 0
19 1
21 2
34 3
44 4
54 5
64 6
74 7
5 0 294
5 0
45 4
55 5
65 6
75 7
6 0 311
6 0
18 1
46 4
56 5
66 6
76 7
6 0 328
7 0
13 1
47 4
57 5
67 6
77 7
6 0 345
8 0
14 1
48 4
58 5
68 6
78 7
5 0 362
9 0
49 4
59 5
69 6
79 7
1 0 379
15 1
1 1 396
16 1
1 0 413
17 1
2 0 430
20 2
30 3
2 0 447
23 2
35 3
1 0 464
25 2
2 0 481
26 2
36 3
1 0 498
27 2
1 0 3
28 2
2 0 20
29 2
33 3
1 0 37
32 3
1 0 54
37 3
1 1 71
38 3
1 0 88
39 3
